362.20560388291557
246.48361417835713
161.8445567033625
146.67902012801824
120.2417643814752
120.15168566221044
134.23286897677988
124.83472653372652
160.53807358855528
120.8298028588789
123.16597277935693
123.52841869537286
124.96500851276068
126.89009140878582
122.92340838810051
121.8442833888243
121.59975872187394
113.27560956253234
113.15674172677717
113.62469015971905
109.72093564347281
110.18497131229549
110.43526052887677
112.72193357173069
119.19760141620714
111.74557873270115
109.13823663671738
108.33446630617976
112.51954858863047
112.19820221159813
115.07938985448371
151.98129863626434
112.31134185923159
114.25714569569445
112.31191174484087
103.29731050415063
106.15611851885274
404.0290286160342
404.22089522708444
380.407349073127
386.11056464778113
386.3748000384219
379.7721301213802
384.7605130579278
387.94404685405806
384.7211441855354
382.3160796252313
385.6155899679847
381.8941968590943
384.57089406656235
380.5388772949858
394.30378482195533
386.1178198604407
384.65490777408263
392.64340825800036
245.47505875179436
148.86096181293598
149.07017977345083
151.31190031298883
135.51305425393008
126.08195629765146
136.97227896958515
118.8298915203357
126.22058353421457
121.87573246936492
382.16735787833625
420.3112243108095
396.50002009154537
382.9415700324413
394.6577711978469
383.18402767133125
393.18280419580526
399.30275508980486
396.61707370413205
386.83388134611425
388.1427206703337
391.6993135035484
388.62876584988163
396.46160577522943
390.3359971267278
393.1730515368359
391.2649514581048
400.11640496118497
141.5569534125525
342.49829795829936
446.85591220398595
463.6150454165094
143.1385675882746
133.4254186783718
143.4125342005785
128.83089583726326
122.83610514189553
135.24486315744426
130.80021879317388
134.8930873840014
129.12645821131875
115.44839467868874
125.86908993311482
121.06218705588242
121.94430966877258
122.68963092918722
126.53417931294666
130.03481793673382
116.55253622182113
109.80506117749337
123.27470399871396
122.90352698960535
127.01785995455404
113.7161193667298
120.48646844266665
123.09541484319016
117.60806016610121
111.25625775114747
110.9967395869229
109.49411767430723
111.0410814275644
124.63696821710897
117.71454497714501
110.86311196010291
112.28974420387567
110.70387028406321
114.46430036421049
117.19711876826696
116.82525150854127
117.58679769427567
110.90962404814522
116.47913756712614
108.23105184333753
105.3705835733507
114.71688666317851
114.78455746599482
111.66555977795144
121.44884287957885
113.88599802006004
112.40464605300488
115.50207428123002
117.0769936746128
113.66119916089201
113.94842847028383
109.69838413581957
109.97155103862903
117.78075633369227
115.66640378773087
115.64079711747823
114.72554037587628
99.16663883240966
104.99157163775075
116.56054859740524
109.4748848657321
115.26809372467113
111.8571625306337
105.06410344492059
129.5530811882964
346.45476024810813
398.02535015019566
348.9170113038785
341.1000025803144
343.38649939392326
348.35301086615914
349.62270652930516
344.8845782096834
352.10065872781513
349.9707498323732
349.1915648840998
353.8491924339462
349.42797307045595
353.72799745963
353.19559226873264
347.9356052214517
348.5083536829745
350.40519865956156
341.94904148743103
342.6666895256768
349.5871330242622
352.30610182097456
346.2482272453675
348.21556412707525
344.6593547844326
342.10679366416093
336.1796248511065
347.30127488808023
352.4943238920113
346.09164784059743
347.54500899523885
356.3015713045165
342.4391484440954
345.87465097002575
350.57392716114475
345.65347435756996
344.71627113066853
347.85766807865235
346.9316303824946
359.2729518723372
343.85419557204193
348.08669096658605
346.70796718175995
357.2242754153423
349.059892350786
343.5261730435831
350.1933860490495
345.80420070222095
350.16075552499467
357.57617601625395
352.63507502864576
348.99527758103045
342.79596164571836
353.22095056006816
347.044980589343
344.12364564160305
352.8741063035847
334.56419539877345
356.1633803422274
344.5912981922804
347.51734645496555
348.6052535549499
336.5253516832174
342.561905684808
357.0991094318733
347.314712139936
355.7037309927547
344.53899695516515
346.7664209742814
346.79122910881813
348.68820273574005
348.81288745632116
345.08809045569507
345.3284999154091
347.5502458350102
342.84875099939126
349.8611333263483
336.12100210704284
348.63681735210844
345.214744957527
343.8919968631741
351.2565300741827
358.34302971319426
341.2876557401221
345.9034145172513
348.71073931472114
352.978031195296
353.5578390746414
344.34440883877795
344.85538788673153
356.6974737275089
348.1475836057349
350.56805885052756
350.19030131148776
343.53348303203177
347.4311761585326
344.84890129808986
350.2757144023137
344.2760567760429
335.445186579205
352.6520426923955
338.70386512829884
343.92836683029407
342.8814247325125
348.98993592005655
338.08477982627807
338.13757064912403
348.52222219588265
351.1261293885611
347.73597203624644
347.5222077806398
345.0914220912799
352.7535757113669
343.40378739481156
347.14121903699004
346.64752429444144
350.28603809058063
353.0625382501993
355.0172150209416
343.8666926163214
338.492289986683
344.06309120609825
356.432685174517
352.3971774385704
345.31555768081415
353.10823646365645
345.39163436013814
346.79895862140677
334.06035462835644
346.8996000468348
348.1955365269721
340.11909020102615
346.53713739051085
350.8794695946351
339.3935044285316
341.9966170930472
345.6130394984979
341.52093953182543
349.2102302710731
348.6984162970635
350.9789134942466
344.8735866814904
337.716342744447
343.09882163596006
351.95688529392527
352.3941912879014
351.8743934681491
349.39337341842867
342.66887843311986
348.9812845359482
345.7150263392626
347.70326376666446
343.8586327306952
352.3047040518078
354.9032344412898
340.5481147905393
338.42177083623346
345.1794610404882
346.02647350591707
349.21631974740234
342.99376057001524
343.2152235322554
346.77027044124736
345.23174998118157
353.7035090302847
353.40291545777285
348.43034955050496
348.95417062781246
347.03166232047727
334.8328571828112
357.48813042175624
348.1767661554633
346.68128073027344
344.6847996522512
348.63008784360835
354.3425763899154
343.21364867051335
349.8867525762828
353.655730163395
348.99210804398484
341.0085003303635
349.59939915407983
338.1050441794719
349.6737148924102
346.0406156252955
343.47567491724254
349.66436249206373
348.746663531954
335.80391893573284
350.6228076254778
352.27512705986044
341.72002882644074
348.40537874707934
349.6513143732947
347.33257878948194
352.4692977853188
344.0843747264276
349.1428714650599
355.83717141035567
341.2410395704343
345.4622639932298
354.5976136304391
347.6723973345371
345.6582704399443
349.83018909974
348.9063416438357
352.01291938275585
338.5117921985254
355.111986727347
351.7593283257642
345.02318135695447
341.32171406684216
341.4577983471635
352.7185297350568
350.34167860819673
353.9884179557479
345.09916294062737
351.72353256499264
345.7232703161327
349.75607344808924
351.62877352650526
350.200341541623
343.4398104510092
349.23566865664304
359.087588767797
342.08571673879953
345.9179733425084
346.55685596698817
345.9963677572838
346.73703109006465
346.29500381115236
346.17767206591463
340.84378933678454
348.2211751690769
344.85404647167934
350.2421727722487
344.52848159842586
350.59190744064284
338.5291534641867
347.66030827926147
342.37587460716014
344.42028449391364
342.6227046180809
347.87244185180873
346.05208922132056
351.8989583338193
344.4866164551367
345.6787409259832
345.06158869897706
348.31239350576664
346.2469169104721
350.9919898726392
343.14345514093765
348.13431435410854
347.6870358356745
343.063651165184
347.7176554238643
344.93431653440507
340.84224811346945
335.86759533539026
341.03795405514336
353.77181252074894
345.93925290000715
351.312171483359
347.72667558365606
342.28713692377283
350.8910008579103
339.72367132611214
353.33746416077423
336.2984169500637
338.86308113311566
345.1697678822212
342.20781063061173
349.8972462935295
353.70619427358537
346.48239841836295
348.8378690872398
354.52814727727036
350.70926916950043
345.7441417374578
345.4269511879986
342.32734272648383
346.07738830338377
338.4958471540152
352.9541267770124
348.35555736339217
351.17963304988797
346.00562584530206
230.50557820096992
151.91715420453582
168.89973194336685
143.14788537517876
151.3051416533081
166.7947521957554
155.46682434281678
147.82375803001912
134.66277817495458
161.65939455608384
125.70063101658593
139.57687166176305
123.1120267301433
136.57317798374123
142.1260113487673
135.9698227098938
124.33462146752422
128.50174237103923
127.5427757244803
116.86957489089721
123.47541904925126
130.5203320931892
141.65985038775904
124.79642297439739
135.95498249768698
127.98176418528698
114.95427632665948
133.39155252381704
128.9276021205643
128.51832772062832
125.95289492477912
126.34461937884379
123.6281498885728
123.88495892744223
124.65677942593294
143.89873997823898
116.82434673108955
122.94449868413
120.36575985273663
123.69503219706684
127.82092339948156
122.66806013110963
115.85258436782709
127.6673056081255
103.39632087321559
103.84834801937484
121.27737207863643
113.6816981473327
117.57446459768087
120.53779325765441
116.17407277170446
117.16794138444328
121.24127889409979
112.01678945317835
123.88151958337053
101.66264368761875
121.42280547283144
119.86330808295298
105.17140000236111
111.75925693259634
107.4342010278175
105.01566814026722
110.1099820404518
119.79539318472547
103.3817649771371
114.1844527594921
115.9301891044529
110.63051824518715
112.33868855392234
115.55517271934875
124.15689089667879
116.02689409330495
116.34927250635002
119.82649640848302
113.50919485029613
112.24867930111287
117.92368498432751
113.33359281843025
116.36576393583735
111.93727658418803
113.66651926469592
119.49683411714457
121.76385631622242
112.20646882647992
117.679715294385
111.2783733193805
117.40441083218928
120.11664080650584
112.30050604235566
112.08247820147801
118.98614913266414
115.72991771213427
118.08830568825522
122.93606776247489
114.21761775563081
115.47551852337978
113.33754877488246
116.48660458707076
111.69773145350015
119.13406430744996
117.24100888027976
116.73260424802282
116.45897536377731
110.92288682332082
121.63911222163853
116.69456278091053
111.03749440016051
117.11680703117625
123.40227306602475
113.51151809081259
119.80785371332576
114.17696106517502
117.06933085183095
118.57013294100898
115.27923154422433
117.44283565408992
117.56716371179405
117.53895574014106
112.21936095904266
119.30821519141517
118.63555696903427
120.83750974924294
119.59820247049976
111.79038920462739
116.3560631773085
123.7171152108865
115.0954509952137
116.64014101920256
113.99462300771583
112.83850456104201
116.39234166313688
118.109123669625
110.32154201148683
113.244910401803
108.22394912907711
112.92657393954775
116.42730469044903
111.97708459799759
112.36967530184569
110.27569649914807
121.22954601045527
118.31119403892797
111.66206599683008
114.95553346683175
115.71972572764807
114.12934053358356
116.24773588307954
118.39438637509704
110.26507927306994
117.84422080820363
116.27443007558941
120.05819211128323
119.32633829632505
114.21415920289195
113.76165833474451
114.99951188176715
109.92644105229766
121.62678751957844
111.54736095268149
113.15832798299706
111.63149458322107
112.7089349130062
116.53696445417236
112.92267856268322
113.65633243337044
116.46670127251184
111.61384362757383
118.23649741136379
116.86100520970865
121.64875926892421
117.58117983059142
112.83512864110781
110.57885404872371
118.19907884965221
116.06292570034196
119.11318485198854
116.28260915374867
110.94840060340877
115.65048541218385
119.78370245600286
118.52762657230892
116.71480431616732
117.04562326770602
117.18427902274618
115.41242305373919
116.68730898054196
114.5884815261577
111.29928022830148
118.53808872621681
111.682175452558
117.56125530757873
110.51528764330118
111.40570090216468
114.34763752227039
117.49005175421331
115.5536685109729
112.33139068240985
117.72175877414588
115.64147045815747
121.73978735383508
113.44141725283862
113.9187642094738
115.86628741860284
115.97572421778517
110.2599450880397
115.35970219661795
114.07641865653574
114.17906867418037
112.62403106264901
108.22388873267676
120.47684369688864
113.8761581995376
116.58445793810421
112.44740334700398
116.45031565605723
120.34439325880987
118.66255305757016
121.5046365646341
119.70020214382117
117.0563383240708
121.37365056081717
111.56640218148067
110.23134723320021
112.19679829886837
111.50240189988381
114.01592828094567
113.61367134497885
112.67347685063126
119.03815662477018
119.33785828515076
112.18905689532119
115.36232033846369
112.41818389400476
119.49514404549723
113.11659807174311
113.47325827721727
115.16584391965122
120.35858907041276
117.62653649646211
116.16409094196268
116.09849768551703
111.82516551404177
118.42717957078412
113.25583943743695
115.23305364451215
117.02752271692125
115.54564824949466
116.39865444906695
116.46275311159229
115.24952691614607
107.34750408817104
121.88275040208106
113.06952209448849
118.62700041174958
112.00500234673555
128.44126694811354
112.44389633989988
112.78575825924304
116.50634432670913
111.58262731987068
115.11902917812375
112.3183812703682
113.59983758543393
113.05991110622051
121.92882293204065
117.02622609338422
119.3899965325003
113.55471636649844
116.38234011850426
114.71433614626721
115.44050056043613
118.24362516211764
112.8864637779505
113.6960030564982
122.46692129969426
117.33180759749123
120.35650459236535
111.36582406181032
119.67454582742639
116.42382150172804
112.88359947966848
119.6113452715781
119.48082415935221
116.59796409692649
117.56036386951902
113.00310395434167
117.73434952746635
117.6391987001013
122.57440568311026
118.66737970920445
112.74798691084297
111.20209370931946
115.05042017159815
111.12091892468348
117.30996925054515
112.6968186092061
116.29230150873022
120.21952115191192
117.49603283690487
117.8344863675419
115.62964670254792
116.1619136531049
116.13274858641421
121.91225464450036
116.32810529362021
115.94357057077232
116.02098627945361
117.80308418067614
115.29511996653605
115.83536894645556
115.06285863884798
116.1008423796728
115.48372184728248
107.34031493643022
114.94664328516103
112.56247846133968
116.13100814692419
121.60543388061313
115.8663209763092
117.62234085651261
113.40993024192983
120.56433005073757
114.00708355549563
112.35599871180318
114.21207041889173
111.13100554737233
112.69929949127635
121.71162145027972
116.08210896202792
120.35564285835204
116.7647013892639
115.34924224425072
117.42981122294742
120.11277807483623
122.23602713536431
119.60129388442277
112.38838000893313
121.17348229161524
113.27484817981306
120.42912055839122
120.6607684632533
116.90705424650687
120.27088529462287
116.96391309897271
112.48817650779557
116.86393886449224
118.54726404911901
114.9837975945951
115.99412387100887
116.48515708079773
118.71577156165858
114.08867125373808
113.78541091084918
116.03796367421904
117.82876371918104
121.02590271797769
114.4518279455936
121.54423135942582
119.45458581071418
115.95423773414814
117.6244886524891
113.80942842784384
120.45936178434857
116.36318139686978
122.54899716781821
110.85464025069285
112.48621154474193
113.33200191582722
115.64328506482656
120.22740243271599
115.6684305016048
112.3856006465794
110.89016577493001
113.79572547516398
116.86773036925979
119.25460104774297
117.63292064009565
111.32340788212849
115.15725141619015
116.47073266385408
118.52883533108104
120.91487287951082
122.02211395798918
116.75446204179696
114.55745779287966
112.79676545686866
110.83151720399502
118.97097644691021
111.05300837585051
114.25552520500963
113.99514405454988
114.75671766210093
116.51163322886325
120.71924953474897
112.6233982470635
111.71479255960514
112.19185126505153
113.30800264370657
117.07565201945482
113.08465428982475
113.26637538552092
111.27341746514048
110.8977807122925
114.76291084943304
115.62316677399517
120.90674293207019
107.9555823072846
116.64088222289695
112.90595715872405
120.98495701786612
115.32123663067352
117.05183627882377
115.93354450605796
120.53646858847893
114.89030158619033
120.07879845535382
106.63187114062211
114.70251407357065
114.40054281183939
118.9657170726071
113.68449841286332
120.66526465519539
110.80805411533763
112.16154217094982
114.65242321920269
112.8656667826832
115.24144465647692
115.92542036129035
113.99768363434362
119.86027803497481
118.9185388108618
112.88549901615949
117.25925185880993
114.14502771203252
124.95041695371117
110.264142964011
115.46682291345061
114.16062459058404
112.01270763782892
114.48560841127909
112.64847766922011
111.15281389003945
112.04782990093682
112.46856113344617
113.75491171935494
117.43733676787201
115.42875455926873
119.70433534774105
113.69775033961577
121.66411912843404
121.31908566466129
112.56648765700015
115.96883785333199
116.5982037667766
116.45244586264269
112.60174632094072
114.9628853542743
119.681381871913
114.651374023216
115.32417617790296
114.29827216970381
114.99210405584591
111.86566466966147
118.074417219505
117.65505625802166
112.22805940243671
122.15346330125328
115.29193389641387
114.90987437707625
114.26291969145791
126.85276432598133
114.71356866100189
120.25373564885922
117.8009678095662
114.53909881050203
113.21809222992545
120.9866951546561
120.66743093446735
118.62079567190497
114.41559760322332
117.94696522004102
119.49628200662318
116.89637068211763
114.67410995187046
117.39629385167183
116.07398173296195
115.23954269863412
119.36919018046643
110.75722731558844
123.43300479983776
119.70425849198318
116.3242410179696
111.6977048644971
114.09857669085841
119.80779843727666
115.28685431244702
119.96575295174597
112.63813140840091
117.613434766908
115.62194691305893
117.80746348732595
122.64015602037782
117.226461414744
112.34073740110139
117.67341512901629
118.21366358838196
123.75224723981387
119.46672629351431
123.37117416067889
113.88391951704116
110.12515212505173
115.23447513657277
114.65737615931178
123.25132453589003
121.6846724997589
117.8618160807334
108.91049745949056
118.79786922541868
114.24191825687546
114.26973114268424
117.75680545215587
117.45330953980408
110.75948541751404
111.41334677091905
112.25789350047236
112.8128867687389
121.91314359310189
116.89401290242083
118.53634532672112
113.34713562137068
119.28544849599533
116.27634903433386
111.80040173862602
116.67011081158938
107.67610482667561
110.30788306577344
119.20283180237345
120.4423716761558
115.98376795928192
110.85835727366003
113.4972860202111
121.1860817141559
116.36966446673861
116.43628409873699
111.53825634960953
111.54022395949806
118.25623618952477
119.47984263068088
116.26774201700817
121.60609971705361
116.94242905845576
120.85186742511684
119.54194677563649
117.67357406849376
121.17840169366042
113.84028321350652
120.74908647244155
116.1739760865213
113.6945217441575
