301.48006411732547
234.36043306433652
238.6106698987301
232.82894579550296
196.73677798212736
222.70515763056187
187.75920132262516
196.70506995117574
186.30935964908858
201.79193914395302
157.0971122436184
144.64406193499767
170.28003378600852
162.70508253183755
169.53171246337106
153.924260529763
148.78623824103852
176.7857372733879
163.7506534218968
159.45564950463228
145.0508450169719
127.16917751029519
162.12535115486975
158.1553816009106
140.92665346027837
134.21173287249428
134.77642710245377
150.137800300131
156.58321912418805
154.1751109133698
147.13341486796378
152.63764139241886
136.48807052391135
129.3329764035968
153.2265731782996
124.97235433569551
146.68451687782996
123.71931242675328
123.18248358228533
120.70280631565177
130.4814751220519
144.48739373372226
139.76417490944334
136.80488349923064
134.07686837921605
142.2928655035306
133.01694730813685
120.83999435465813
139.78377071604103
127.82273050764746
134.2884680745865
135.14179097953246
112.60997654071616
137.0765381870579
178.27627025078272
131.93673720253167
136.88030005229064
156.2344575128922
123.93306349668677
119.43117963771056
158.39839860925667
141.31847039898025
129.03649490433418
119.44097813696249
127.47129848437595
128.82518725409972
124.1470818690371
141.88250135549663
119.84195170254043
124.88976805695034
114.75349503953828
122.69456539397939
113.81022044054816
117.69176384834986
117.11838882030787
136.2378484529396
134.20309021073035
128.85122641753884
129.55964209351893
131.05548059806344
115.11488682653584
128.9972833133375
149.58305794061354
109.4708811586502
132.49509335891813
128.67881834718668
142.1040513381085
142.32862410567586
115.76032623450675
135.71434804868517
111.19691802560135
119.23381037730897
138.88214196218178
129.08745397697658
154.28809265963315
136.1973405188449
130.5808547512206
134.07916446011848
113.35614609443405
139.78853092249517
135.75319201903434
107.37005157125395
112.15208050543043
115.61602670088303
114.80798562923798
127.49049716735342
123.59230434676945
131.85717369794622
116.66009051165261
141.0705822756875
118.5299954439779
133.9147052347942
148.55775007664454
121.67345808067432
124.80080316163105
162.27508776194443
110.5410932771901
116.54530873178368
114.65657284308799
127.25645424287146
119.15932486698028
117.63361958905085
102.15740238627322
123.65640643987919
159.0761411715929
109.99214029908438
114.66527076077551
124.13994445293775
112.57132794495053
131.5539824711691
120.31327515449152
116.00751403069629
111.923371721266
108.01797497538087
139.5902325129873
122.58340752495363
116.53876590119171
144.59831715870138
111.52641238149297
124.96199107137764
131.75272967514542
130.84081675693608
138.09146280398915
120.00575908084079
137.60639534067872
129.17741124046134
121.71781608084862
121.2243042175179
115.95059580025793
108.2515484404334
121.55513233003731
108.97105900226495
108.269251507082
130.02904195542465
116.42919452992493
112.01737690018618
121.24341750961241
114.1876817856562
108.65165139857336
140.0888160955522
123.95466477173801
118.11002698185507
135.40887451723367
114.71543259498591
138.2054150802278
112.15887757240054
128.9974870155878
135.0720683843261
131.7435136437032
130.80068224805282
128.63532259141104
113.94779684164615
115.23877338094462
107.18680751896792
112.68172100915848
136.66331960806562
134.91398541491589
123.30860109338431
122.89554428135966
118.70950546837702
131.3925857349012
109.86795746317762
115.39252979890398
124.68479759197447
119.4581405394909
113.39236539942226
111.5913496115738
113.02898137094539
113.88404153741678
115.46805941692423
121.56466332579532
118.7760540767326
119.52134730270166
117.07307400698892
141.86617657744057
114.85836073178899
133.02634112009181
143.3517125122309
126.57462548056861
128.24104374033874
132.85784213978081
110.61892024750875
115.26325222706146
146.98671606203783
113.0073802775276
116.72380477319925
126.30786093537043
128.86176431623403
158.08668783668827
126.0252368103647
123.35216395728634
147.06717479653486
116.38709587630731
123.28965515053676
109.85013957161294
120.63216929815675
128.85339194581658
146.44831986616504
109.70569202955309
116.78498075298631
126.95726048792392
112.70665647026257
135.24648335277783
116.51358342474728
129.65369021847022
128.4970900625631
123.8109937429117
133.8145308261511
141.7227924694878
122.46157451912791
124.96170061607248
128.49859520038956
117.86781717823564
134.74101136843862
123.60164795500927
116.530822482204
116.33254064388706
128.140442865958
161.2406239692485
113.73966515887258
124.9075016044124
120.515701356948
137.68431901602457
99.6442452381535
118.2724229309382
123.67324010391377
115.42895964969028
110.0824405485053
117.78238290739762
120.91131901076801
116.46999017506647
120.30249743513272
143.9672731294561
141.96998523245657
143.89242334684246
124.08518336305647
134.98274622479966
140.0995983623033
122.9113048870729
125.65592543906865
135.51139700682478
137.448394100268
120.63176604374871
120.63953298412574
135.5644446702205
119.21843577355287
152.34972307151662
124.88426023559654
129.07765909333676
144.56769022802513
123.53648796519326
118.52657490124275
119.93601036387639
118.8693787746767
127.07042021800419
119.18149257955031
109.51951529844499
125.68022300676705
105.72900073647526
131.22373470167815
120.21416641759731
122.36536045488612
114.66300563204183
119.68497797770925
119.01284271315498
118.8524896892257
132.88124574860984
107.37562395705254
120.49217314438715
117.029361251762
124.90086161130623
126.19458119590058
122.44266730089436
143.89275925045814
123.3134556979968
122.55012405501569
113.91532026955619
121.49959776062934
112.66077016910779
136.22227993186308
109.65712554202128
